0, 1 18 0.055556;
1, 1 17 0.058824;
2, 1 16 0.0625;
3, 1 15 0.066667;
4, 1 14 0.071429;
5, 1 13 0.076923;
6, 1 12 0.083333;
7, 1 11 0.090909;
8, 1 10 0.1;
9, 2 18 0.111111;
10, 1 9 0.111111;
11, 2 17 0.117647;
12, 2 16 0.125;
13, 1 8 0.125;
14, 2 15 0.133333;
15, 2 14 0.142857;
16, 1 7 0.142857;
17, 2 13 0.153846;
18, 3 18 0.166667;
19, 2 12 0.166667;
20, 1 6 0.166667;
21, 3 17 0.176471;
22, 2 11 0.181818;
23, 3 16 0.1875;
24, 3 15 0.2;
25, 2 10 0.2;
26, 1 5 0.2;
27, 3 14 0.214286;
28, 4 18 0.222222;
29, 2 9 0.222222;
30, 3 13 0.230769;
31, 4 17 0.235294;
32, 4 16 0.25;
33, 3 12 0.25;
34, 2 8 0.25;
35, 1 4 0.25;
36, 4 15 0.266667;
37, 3 11 0.272727;
38, 5 18 0.277778;
39, 4 14 0.285714;
40, 2 7 0.285714;
41, 5 17 0.294118;
42, 3 10 0.3;
43, 4 13 0.307692;
44, 5 16 0.3125;
45, 6 18 0.333333;
46, 5 15 0.333333;
47, 4 12 0.333333;
48, 3 9 0.333333;
49, 2 6 0.333333;
50, 1 3 0.333333;
51, 6 17 0.352941;
52, 5 14 0.357143;
53, 4 11 0.363636;
54, 6 16 0.375;
55, 3 8 0.375;
56, 5 13 0.384615;
57, 7 18 0.388889;
58, 6 15 0.4;
59, 4 10 0.4;
60, 2 5 0.4;
61, 7 17 0.411765;
62, 5 12 0.416667;
63, 6 14 0.428571;
64, 3 7 0.428571;
65, 7 16 0.4375;
66, 8 18 0.444444;
67, 4 9 0.444444;
68, 5 11 0.454545;
69, 6 13 0.461538;
70, 7 15 0.466667;
71, 8 17 0.470588;
72, 9 18 0.5;
73, 8 16 0.5;
74, 7 14 0.5;
75, 6 12 0.5;
76, 5 10 0.5;
77, 4 8 0.5;
78, 3 6 0.5;
79, 2 4 0.5;
80, 9 17 0.529412;
81, 8 15 0.533333;
82, 7 13 0.538462;
83, 6 11 0.545455;
84, 10 18 0.555556;
85, 5 9 0.555556;
86, 9 16 0.5625;
87, 8 14 0.571429;
88, 4 7 0.571429;
89, 7 12 0.583333;
90, 10 17 0.588235;
91, 9 15 0.6;
92, 6 10 0.6;
93, 3 5 0.6;
94, 11 18 0.611111;
95, 8 13 0.615385;
96, 10 16 0.625;
97, 5 8 0.625;
98, 7 11 0.636364;
99, 9 14 0.642857;
100, 11 17 0.647059;
101, 12 18 0.666667;
102, 10 15 0.666667;
103, 8 12 0.666667;
104, 6 9 0.666667;
105, 4 6 0.666667;
106, 2 3 0.666667;
107, 11 16 0.6875;
108, 9 13 0.692308;
109, 7 10 0.7;
110, 12 17 0.705882;
111, 10 14 0.714286;
112, 5 7 0.714286;
113, 13 18 0.722222;
114, 8 11 0.727273;
115, 11 15 0.733333;
116, 12 16 0.75;
117, 9 12 0.75;
118, 6 8 0.75;
119, 3 4 0.75;
120, 13 17 0.764706;
121, 10 13 0.769231;
122, 14 18 0.777778;
123, 7 9 0.777778;
124, 11 14 0.785714;
125, 12 15 0.8;
126, 8 10 0.8;
127, 4 5 0.8;
128, 13 16 0.8125;
129, 9 11 0.818182;
130, 14 17 0.823529;
131, 15 18 0.833333;
132, 10 12 0.833333;
133, 5 6 0.833333;
134, 11 13 0.846154;
135, 12 14 0.857143;
136, 6 7 0.857143;
137, 13 15 0.866667;
138, 14 16 0.875;
139, 7 8 0.875;
140, 15 17 0.882353;
141, 16 18 0.888889;
142, 8 9 0.888889;
143, 9 10 0.9;
144, 10 11 0.909091;
145, 11 12 0.916667;
146, 12 13 0.923077;
147, 13 14 0.928571;
148, 14 15 0.933333;
149, 15 16 0.9375;
150, 16 17 0.941176;
151, 16 16 1.;
152, 15 15 1.;
153, 14 14 1.;
154, 13 13 1.;
155, 12 12 1.;
156, 11 11 1.;
157, 10 10 1.;
158, 9 9 1.;
159, 8 8 1.;
160, 7 7 1.;
161, 6 6 1.;
162, 5 5 1.;
163, 4 4 1.;
164, 3 3 1.;
165, 16 15 1.066667;
166, 15 14 1.071429;
167, 14 13 1.076923;
168, 13 12 1.083333;
169, 12 11 1.090909;
170, 11 10 1.1;
171, 10 9 1.111111;
172, 9 8 1.125;
173, 16 14 1.142857;
174, 8 7 1.142857;
175, 15 13 1.153846;
176, 14 12 1.166667;
177, 7 6 1.166667;
178, 13 11 1.181818;
179, 12 10 1.2;
180, 6 5 1.2;
181, 11 9 1.222222;
182, 16 13 1.230769;
183, 15 12 1.25;
184, 10 8 1.25;
185, 5 4 1.25;
186, 14 11 1.272727;
187, 9 7 1.285714;
188, 13 10 1.3;
189, 16 12 1.333333;
190, 12 9 1.333333;
191, 8 6 1.333333;
192, 4 3 1.333333;
193, 15 11 1.363636;
194, 11 8 1.375;
195, 14 10 1.4;
196, 7 5 1.4;
197, 10 7 1.428571;
198, 13 9 1.444444;
199, 16 11 1.454545;
200, 15 10 1.5;
201, 12 8 1.5;
202, 9 6 1.5;
203, 6 4 1.5;
204, 14 9 1.555556;
205, 11 7 1.571429;
206, 16 10 1.6;
207, 8 5 1.6;
208, 13 8 1.625;
209, 15 9 1.666667;
210, 10 6 1.666667;
211, 5 3 1.666667;
212, 12 7 1.714286;
213, 14 8 1.75;
214, 7 4 1.75;
215, 16 9 1.777778;
216, 9 5 1.8;
217, 11 6 1.833333;
218, 13 7 1.857143;
219, 15 8 1.875;
220, 16 8 2.;
221, 14 7 2.;
222, 12 6 2.;
223, 10 5 2.;
224, 8 4 2.;
225, 6 3 2.;
226, 15 7 2.142857;
227, 13 6 2.166667;
228, 11 5 2.2;
229, 9 4 2.25;
230, 16 7 2.285714;
231, 14 6 2.333333;
232, 7 3 2.333333;
233, 12 5 2.4;
234, 15 6 2.5;
235, 10 4 2.5;
236, 13 5 2.6;
237, 16 6 2.666667;
238, 8 3 2.666667;
239, 11 4 2.75;
240, 14 5 2.8;
241, 15 5 3.;
242, 12 4 3.;
243, 9 3 3.;
244, 16 5 3.2;
245, 13 4 3.25;
246, 10 3 3.333333;
247, 14 4 3.5;
248, 11 3 3.666667;
249, 15 4 3.75;
250, 16 4 4.;
251, 12 3 4.;
252, 13 3 4.333333;
253, 14 3 4.666667;
254, 15 3 5.;
255, 16 3 5.333333;